*************************************************************************************
Top 50 Ranked pages(reverse order)

WT14-B36-336=5.1545154E-4,
WT14-B36-335=5.1545154E-4, 
WT10-B33-300=5.1679654E-4, 
WT06-B35-161=5.181984E-4, 
WT06-B14-69=5.1905995E-4, 
WT06-B35-151=5.200931E-4, 
WT23-B38-120=5.208974E-4, 
WT23-B27-31=5.256021E-4, 
WT18-B14-66=5.320461E-4, 
WT14-B02-400=5.3252757E-4, 
WT04-B22-268=5.3274457E-4, 
WT08-B08-60=5.356233E-4, 
WT21-B35-155=5.4004387E-4, 
WT21-B40-37=5.4816954E-4, 
WT27-B32-30=5.497597E-4, 
WT23-B01-40=5.504073E-4, 
WT23-B20-363=5.508523E-4, 
WT27-B34-57=5.554889E-4, 
WT14-B36-337=5.5824744E-4, 
WT22-B38-403=5.7455775E-4, 
WT10-B02-288=5.7598413E-4, 
WT12-B30-56=6.0227956E-4, 
WT13-B39-295=6.169487E-4, 
WT13-B15-160=6.212847E-4, 
WT27-B28-203=6.2699214E-4, 
WT08-B19-222=6.4342085E-4, 
WT04-B40-202=6.586908E-4, 
WT18-B31-240=6.6017214E-4, 
WT14-B03-227=6.8497454E-4, 
WT24-B40-167=7.074691E-4, 
WT14-B03-220=7.163954E-4, 
WT24-B26-2=7.713281E-4, 
WT07-B18-256=7.748928E-4, 
WT25-B15-307=8.043701E-4, 
WT24-B26-10=8.0744224E-4, 
WT04-B30-12=8.164272E-4, 
WT23-B19-156=8.9421275E-4, 
WT04-B27-720=9.363826E-4, 
WT01-B18-225=9.884291E-4, 
WT13-B06-273=0.0010446679, 
WT24-B26-46=0.001085022, 
WT13-B06-284=0.0011247458, 
WT08-B18-400=0.0011435199, 
WT23-B37-134=0.0012052022, 
WT23-B39-340=0.0012404169, 
WT24-B40-171=0.0012450012, 
WT23-B21-53=0.0013723035, 
WT25-B39-116=0.001469477, 
WT21-B37-75=0.0015258876, 
WT21-B37-76=0.0026793608

*************************************************************************************
Top 50 out-link count pages(reverse order)

WT07-B23-234=371, 
WT14-B36-323=373, 
WT17-B34-498=374, 
WT17-B34-504=374, 
WT17-B34-506=376, 
WT23-B30-105=380, 
WT23-B01-107=384, 
WT23-B12-215=388, 
WT08-B11-28=396, 
WT23-B23-51=400, 
WT23-B31-215=402, 
WT17-B34-503=402, 
WT23-B19-156=406, 
WT10-B33-300=409, 
WT17-B34-505=410, 
WT14-B36-337=417, 
WT24-B04-192=430, 
WT17-B34-500=436, 
WT17-B34-499=442, 
WT13-B39-295=443, 
WT07-B02-55=449, 
WT13-B06-284=454, 
WT13-B06-273=454, 
WT27-B28-177=470, 
WT18-B29-36=477, 
WT23-B30-88=478, 
WT13-B15-160=484, 
WT08-B01-173=539, 
WT22-B38-403=544, 
WT21-B37-71=560, 
WT18-B40-82=576, 
WT27-B28-203=598, 
WT25-B15-307=614, 
WT24-B26-2=625, 
WT12-B40-248=686, 
WT18-B28-345=728, 
WT21-B40-447=779, 
WT10-B36-89=896, 
WT10-B36-103=939, 
WT10-B36-90=943, 
WT10-B36-88=946, 
WT08-B18-400=1011, 
WT08-B19-222=1041, 
WT27-B32-30=1255, 
WT27-B34-57=1257, 
WT21-B37-75=1704, 
WT23-B27-29=1940, 
WT01-B18-225=2260, 
WT18-B29-37=2269, 
WT21-B37-76=2568


